0.0
39.28918263365324
82.33809334144793
127.42700209763458
172.8481271307363
217.35799302599813
259.7391182807106
299.3249155275262
335.5854935415989
368.38787857826105
397.6878481990084
423.6062380448013
446.0232167170915
465.12187412855894
480.85567598728517
493.79952637999963
503.6225763221079
510.2358910444402
513.456320689057
513.619375488993
510.49453400951563
504.2796910313343
495.27205175917857
483.49093914231617
469.2206524968344
452.52226422294416
433.7076375140816
413.2438489582612
390.77491893591923
366.5665497223822
341.1878732071159
314.8808511460352
288.85374286736715
262.3967473558955
236.77456164481782
211.30037644894242
187.26275197754535
163.7949418698422
141.55434020077792
120.79924150959505
101.18990180852416
82.69343453379406
65.98793340614839
50.09753617299884
35.88359420939378
23.41396395999982
11.994123209393365
1.850753172999248
-6.861729593851578
-14.574121466205725
-20.577127191475938
-25.881956490404264
-29.990972799222163
-33.27061013015782
-35.51394402245478
-37.10723755105755
-37.440343355181994
-37.11021964410429
-35.808741132632804
-34.063095853964796
-31.434956792883895
-28.373998277617602
-24.344884064080816
-20.29788204173883
-15.925471485918251
-10.913335777055863
-5.583999503165614
0.13118514231587142
6.081852759178446
12.341501031334474
18.650663009516165
24.938785488993517
31.53273158905722
38.11166764444033
45.006589522108015
51.62503347999973
58.522684687284936
65.15871452855868
71.86229191709208
79.17228844480167
86.25551959900884
93.12177687826136
100.04812534159896
107.08983212752617
113.99125098071056
121.022699225998
127.915048230736
135.3270864976352
142.65046836144845
149.60869159365365
156.83583000000027
164.36299547634692
172.21355216855213
179.47425920236537
187.73450826926353
195.44985077400156
203.895218419289
212.15495937247442
220.86424345840146
229.42390192173912
238.49779620099173
247.74409095519877
256.8854881829085
266.53933247144084
276.4308883127146
286.2433435199998
296.5794164778922
307.4334633555602
317.6151694109433
328.36993751100727
338.6535859904843
349.49238596866576
360.55094024082155
371.67043485768386
382.7237915031651
393.62494377705616
404.3559014859179
415.21410804173934
426.3222700640804
436.4049432776178
446.7641727928842
456.5137068539643
466.1578311326334
475.13531064410427
483.51542235518264
491.90042655105754
499.1229840224546
506.07758813015744
512.4281967992224
517.7556084904049
522.2380991914756
526.2253894662058
528.6700885938512
530.5750478270011
530.9341007906064
530.3774740400004
528.6967547906065
525.6593388270012
520.9293045938516
515.3020254662056
508.2837631914754
499.6640284904047
489.3991397992222
477.83328213015784
464.5133990224549
450.19933855105774
433.80593735518187
416.2379316441038
396.7475041326329
376.0153048539644
353.7388147928841
330.3036102776175
305.172882064081
279.16085004173874
251.9721314859189
223.68878677705538
194.61801650316465
165.04986485768404
134.9928182408205
104.90163796866591
74.9076439904834
45.26113251100719
16.41065941094257
-11.152271644439452
-37.152742522108156
-61.29343648000099
-82.95173468728524
-101.70817312855979
-117.26380731709139
-128.996400144802
-136.9546182990082
-140.3893798782617
-139.26536104159834
-133.6065823275265
-123.6112061807118
-109.63654522599825
-92.70222103073732
-78.64289209763447
-60.3986940314487
-33.81886848365291
-5.663714952552105e-13
39.28918263365382
82.34555951144756
127.42700209763333
172.8630615307362
217.35799302599716
259.7615248807107
299.3249155275254
335.61537834159924
368.3878785782606
397.7252189990089
423.60623804480105
446.06808291709217
465.12187412855883
480.9080484872843
493.79952637999986
503.6824673221074
510.2358910444402
513.5237432890566
513.6193754889935
510.56950200951553
504.3584370313347
495.27205175917857
483.5772521423155
469.2206524968344
452.6161572229437
433.8053255140817
413.3453359582604
390.77491893591946
366.6756427223818
341.30077320711644
314.9975611460352
288.8537428673667
262.5210813558956
236.9027106448175
211.43234044894234
187.3985319775452
163.9345368698423
141.6977502007776
120.94646550959578
101.34093780852436
82.8482815337943
66.1465864061488
50.259992172998864
36.21610020939352
23.584008959999665
12.167953209393545
2.0283611729992117
-6.498975593851355
-14.388985466205668
-20.199358191475312
-25.689335490404574
-29.59828479922271
-33.07055813015768
-35.10645402245473
-36.69239755105673
-37.01819135518235
-36.89550764410478
-35.37208913263294
-33.61926185396396
-30.983992792882646
-27.915957277618418
-23.647295064080936
-19.82586404173867
-15.446560485917644
-10.184734777056747
-5.091513503165743
0.8799261423162079
6.587606759179607
13.109895031335782
19.42868500951522
25.726295488992946
32.3295815890574
38.91770464444153
45.82164952210701
52.7235904799993
59.35528368728569
66.28017932856017
72.99483661709337
80.02981024480039
87.40942769900835
94.576992178262
101.22227034160062
108.27364862752466
115.48272218071014
122.52547002599852
129.42870553073755
136.85120499763678
144.18461073144695
151.4611517636532
158.69922600000086
166.23675967634853
174.09710306855064
181.68245860236487
189.63583316926412
197.99556467400316
206.13126431929157
214.7193438724729
223.11510005840103
232.32587792173968
241.08354420099317
250.65900595519759
260.12971418290806
269.78779447144143
279.68237431271587
289.821954520002
300.1586344778909
311.0119043555601
321.84166341094374
332.2673995110083
343.194238990483
354.0248219686655
365.07331124082157
376.8252308576848
387.8628215031672
399.0661257770553
410.09456348591834
420.9277400417395
432.6402140640819
443.00385827761716
453.3252887928836
463.6551438539648
473.5599961326334
483.0968446441052
491.7197903551819
500.3391095510574
508.0858280224552
515.2537651301582
522.1009847992223
527.9087364904044
532.8545191914759
537.2872804662056
540.4390885938519
542.7480638270008
543.7639217906067
543.5664050400001
542.7535027906065
540.2840608270008
536.3472405938514
531.2191554662058
524.9144521914754
517.2080134904045
507.8018667992228
496.80438313015793
484.46358902245447
470.8351935510568
455.50515735518275
438.70358464410447
420.3225561326326
400.39894485396417
379.0400277928825
356.6127492776179
332.37486706408095
307.1384680417384
280.7807404859175
253.53246677705647
225.01221450316575
196.17005985768355
166.67500524082038
136.97969396866392
107.21348399048497
77.62486951100709
48.785282410942045
20.811191355558094
-5.87288252210692
-30.845915479999576
-53.7796386872858
-74.01182542856043
-91.39156081709382
-105.31188934480053
-115.59685969900863
-121.83577957826219
-123.654788441601
-121.020352027525
-113.91679428071035
-102.54347622599886
-87.39261853073788
-69.35276099763706
-52.32683423144722
-30.16572190365347
-1.132742990510421e-12
36.82295332365121
78.57963899144904
123.54901159763482
169.96691463073566
216.2231019259966
261.0371053807081
303.4377388275267
342.5722639415988
378.30007597826005
410.34250869900643
438.77670904480226
463.7657108170916
485.1652836285583
503.22763868728384
518.0738385799976
530.0644131221086
538.8968556444398
544.5286708890561
546.7692766889913
546.0371899095168
542.0465550313343
534.9123227591781
525.175101142315
512.4551804968357
497.46598222294483
479.8990995140814
460.45603495826026
439.2168109359179
416.2213217223825
391.5078682071162
365.39041714603513
338.9246508673666
312.15947635589646
285.56156764481784
259.4331334489425
233.94897497754482
209.6057068698417
185.9120932007777
163.83176350959548
143.04176780852413
123.02008753379414
104.94839240614874
87.86641817299915
72.28624720939342
58.305889959999604
45.470892209393696
34.39751817299884
24.324595406148546
15.393029533794106
8.206735808524627
1.5790665095951226
-3.217953799222869
-7.614068130157648
-10.608014022454427
-13.184637551056767
-14.532147355182587
-15.460606644104246
-15.016135132632371
-13.747434853963796
-12.237945792884375
-10.004617277618081
-6.588844064080831
-3.3198190417381284
0.49416751408284654
4.8585322229437224
9.362008496834505
14.733441142316906
19.83169375917987
25.73596603133319
31.42898400951526
37.41868148899334
43.38348858905806
49.653025644442096
55.908535522107286
62.48343647999991
68.78459368728613
75.37587342856057
81.42982421709019
88.45067624480077
95.166673499009
101.9931529782624
108.61794214160113
115.32570602752526
121.8714248807106
128.88975472599907
135.76645523073816
142.52943191763327
149.83526344144752
156.77015039365375
163.97884800000142
171.1766534763491
178.6995301685512
186.25481420236548
193.87407376926467
202.20332307400366
210.0090894192881
218.56674727247355
226.63753495840172
235.81839462173627
244.54526920099386
253.803252955198
263.2442121829123
272.59145647144203
282.45770531271273
292.5683465200027
302.60381747789165
313.4300123555638
324.23221341094427
334.6299295110057
345.26896499048667
356.073871968666
367.0963282408193
378.57229285768517
389.5865215031647
400.7661957770581
411.77075048591905
422.57980104173726
434.0353930640822
444.6070002776173
454.6781807928862
464.9866448539651
474.86995313263196
484.17040664410524
492.98624735518206
501.3762095510592
509.308297022455
516.2540271301573
523.082703799223
528.8718414904047
533.7989411914755
538.0278244662063
541.3459725938515
543.4584948270012
544.6330727906065
544.4166290400003
543.4185147906064
540.9338818270012
537.1405045938509
531.8385414662057
525.6696351914761
517.7969124904039
508.3755087992222
497.5023601301564
485.0067080224544
471.363048551058
456.01775135518074
439.32525464410446
420.8046401326337
400.86578285396376
379.4916287928845
357.04912227761565
332.90131106408035
307.5444170417404
281.17149448591726
253.90804077705593
225.46272050316247
196.51531085768306
167.00511524082276
137.2946779686638
107.51335599048434
77.98083751100967
49.05497241094167
21.065811355561436
-5.633319522111151
-30.621395480000047
-53.517776687282776
-73.81735382856084
-91.21209611709048
-105.14742054480496
-115.44737649900912
-121.70127267825876
-123.53524914160141
-120.9157726275256
-113.80476118071488
-102.46879672599937
-87.33288093073438
-69.30796139763763
-52.2969695314478
-30.15452302364993
-1.6991144857656314e-12
36.808021483654734
78.54977429144441
123.50421199763427
169.92211153073907
216.14842242599602
260.9698854807116
303.33315932752214
342.48260944159813
378.16556907826333
410.230396299006
438.6122402448017
463.6311122170874
485.01942992855777
503.070521187287
517.8493179799972
529.8847403221081
538.7058904444427
544.3264031890554
546.5556961889941
545.8872540095131
541.8103170313339
534.6647397591805
524.9161621423148
512.2749774968349
497.1843022229418
479.7037225140807
460.15157295826225
439.00623293591775
415.8940417223823
391.282068207114
365.15699814603454
338.56308786736804
311.9108073558941
285.30527064481794
259.1692054489438
233.67741597754434
209.46611086984262
185.6252722007771
163.53731450959503
142.73969480852475
122.86524153379378
104.63108640614837
87.70396317299856
72.11999420939355
57.96579995999991
45.297062209393516
34.21991017299888
24.143218406149117
15.20789353379405
7.828966808523546
1.5790665095960321
-3.4142977992223678
-7.814120130158699
-10.811759022454225
-13.39205755105786
-14.743223355180817
-15.460606644104246
-15.23446213263378
-13.747434853963568
-12.463427792884204
-10.00461727761558
-6.8213740640803735
-3.3198190417401747
0.4941675140833013
4.615665222944017
9.362008496837689
14.733441142317133
19.83169375917737
25.479834031336623
31.428984009515716
37.41868148899039
43.383488589058516
49.65302564443891
55.90853552211138
62.483436480000364
68.78459368728295
75.37587342856114
81.71296041709081
88.45067624480521
95.16667349900945
101.9931529782591
108.6179421416017
115.32570602752583
122.16971918071516
128.88975472599964
135.76645523073458
142.52943191763794
149.8352634414481
157.07889375365022
163.978848000002
171.17665347634556
178.69953016855587
186.570271202366
193.87407376926114
202.2033230740043
210.00908941928867
218.5667472724781
226.9590858584021
235.81839462173684
244.5452692009943
253.80325295519856
263.24421218291275
272.5914564714425
282.4577053127132
292.56834652000316
302.6038174778921
313.43001235555744
324.2322134109445
334.62992951100614
345.59329799048714
356.07387196866625
367.09632824081973
378.5722928576856
389.58652150316516
400.76619577705856
411.7707504859193
422.5798010417377
433.7194960640825
444.60700027761754
454.67818079288645
464.9866448539656
474.8699531326324
484.1704066441057
492.9862473551825
501.3762095510565
509.30829702245546
516.2540271301573
523.0827037992235
528.8718414904047
533.7989411914755
538.0278244662063
541.3459725938515
543.4584948270012
544.6330727906065
544.4166290400003
543.4185147906064
540.9338818270012
537.3974705938508
531.8385414662057
525.6696351914761
517.7969124904039
508.61450479922223
497.5023601301582
485.23602002245434
471.363048551058
456.2369353551808
439.32525464410446
421.0132691326339
401.06897985396336
379.6892947928843
357.0491222776154
333.0876260640805
307.72491804174
281.34609248591664
254.07664877705588
225.62525650316206
196.6716938576826
167.15526824082235
137.43852496866316
107.65082799048378
78.24289151100925
49.17949041094107
21.183758355560713
-5.5220025221115066
-30.412133480000648
-53.41988368728312
-73.72624742856146
-91.12782171709102
-105.14742054480541
-115.37688889900971
-121.70127267825933
-123.59180924160194
-120.91577262752605
-113.84728048071548
-102.53972742599996
-87.38966813073495
-69.35057669763819
-52.339602531448364
-30.1758448936505
-2.265485981020842e-12
